Teff = 13300.000000000000
logg = 4.2500000000000000
Z = 0.0000000000000000
lambda1 = 1.2499999999999999E-007
lambda2 = 4.7500000000000003E-006
dlambda = 1.0000000000000001E-007
Z1 = -0.10000000000000001
Z2 = 0.0000000000000000
logg1 = 4.0000000000000000
logg2 = 4.5000000000000000
logg1 = 4.0000000000000000
logg2 = 4.5000000000000000
Teff1 = 13000.000000000000
Teff2 = 14000.000000000000
Teff1 = 13000.000000000000
Teff2 = 14000.000000000000
Teff1 = 13000.000000000000
Teff2 = 14000.000000000000
Teff1 = 13000.000000000000
Teff2 = 14000.000000000000
